x <- 10
y <- 20
X-y